4 0.025240384615384616 0.2283653846153846 0.039663461538461536 0.021634615384615384
4 0.96875 0.2644230769230769 0.039663461538461536 0.02403846153846154
4 0.12259615384615384 0.2860576923076923 0.026442307692307692 0.054086538461538464
4 0.12379807692307693 0.4014423076923077 0.02283653846153846 0.05048076923076923
4 0.6622596153846154 0.40865384615384615 0.020432692307692308 0.04807692307692308
1 0.06850961538461539 0.44471153846153844 0.06850961538461539 0.06850961538461539
1 0.7860576923076923 0.44591346153846156 0.06370192307692307 0.0625
4 0.12379807692307693 0.5444711538461539 0.02283653846153846 0.04807692307692308
4 0.028846153846153848 0.6189903846153846 0.038461538461538464 0.02283653846153846
4 0.9891826923076923 0.6418269230769231 0.020432692307692308 0.020432692307692308
4 0.125 0.6742788461538461 0.02403846153846154 0.04447115384615385
4 0.12259615384615384 0.8052884615384616 0.021634615384615384 0.04807692307692308
4 0.14302884615384615 0.8125 0.020432692307692308 0.038461538461538464