4 0.19591346153846154 0.11177884615384616 0.046875 0.020432692307692308
4 0.6069711538461539 0.11177884615384616 0.04807692307692308 0.02403846153846154
4 0.8317307692307693 0.11298076923076923 0.05048076923076923 0.025240384615384616
4 0.48677884615384615 0.11298076923076923 0.05048076923076923 0.021634615384615384
4 0.06850961538461539 0.11298076923076923 0.054086538461538464 0.021634615384615384
4 0.9567307692307693 0.11298076923076923 0.05048076923076923 0.026442307692307692
4 0.36538461538461536 0.11658653846153846 0.07451923076923077 0.03485576923076923
1 0.6790865384615384 0.057692307692307696 0.07451923076923077 0.06850961538461539
1 0.8004807692307693 0.06009615384615385 0.06370192307692307 0.0625
4 0.7259615384615384 0.6394230769230769 0.04326923076923077 0.02403846153846154
4 0.8064903846153846 0.640625 0.04326923076923077 0.026442307692307692
1 0.6826923076923077 0.7728365384615384 0.0733173076923077 0.0733173076923077
1 0.7980769230769231 0.7740384615384616 0.06850961538461539 0.06971153846153846
4 0.12139423076923077 0.7764423076923077 0.027644230769230768 0.042067307692307696