4 0.9266826923076923 0.11057692307692307 0.056490384615384616 0.03245192307692308
4 0.859375 0.2644230769230769 0.055288461538461536 0.03245192307692308
4 0.6478365384615384 0.26802884615384615 0.038461538461538464 0.030048076923076924
4 0.014423076923076924 0.2860576923076923 0.027644230769230768 0.051682692307692304
4 0.013221153846153846 0.40024038461538464 0.02403846153846154 0.046875
1 0.6754807692307693 0.44711538461538464 0.0673076923076923 0.0733173076923077
4 0.013221153846153846 0.546875 0.025240384615384616 0.055288461538461536
1 0.6742788461538461 0.06129807692307692 0.0673076923076923 0.0673076923076923
4 0.013221153846153846 0.6778846153846154 0.026442307692307692 0.056490384615384616
4 0.01201923076923077 0.8052884615384616 0.02403846153846154 0.056490384615384616
4 0.03245192307692308 0.8125 0.021634615384615384 0.04567307692307692
4 0.03245192307692308 0.9483173076923077 0.020432692307692308 0.04326923076923077
4 0.01201923076923077 0.9663461538461539 0.02283653846153846 0.055288461538461536