4 0.18389423076923078 0.21033653846153846 0.037259615384615384 0.02283653846153846
4 0.3954326923076923 0.21033653846153846 0.039663461538461536 0.02283653846153846
4 0.5012019230769231 0.390625 0.019230769230769232 0.040865384615384616
4 0.921875 0.390625 0.020432692307692308 0.040865384615384616
1 0.7127403846153846 0.4206730769230769 0.06129807692307692 0.06129807692307692
4 0.9038461538461539 0.46153846153846156 0.04567307692307692 0.02283653846153846
4 0.20793269230769232 0.46274038461538464 0.052884615384615384 0.026442307692307692
4 0.4831730769230769 0.46274038461538464 0.04927884615384615 0.020432692307692308
4 0.7740384615384616 0.46274038461538464 0.05048076923076923 0.021634615384615384
4 0.6153846153846154 0.4639423076923077 0.052884615384615384 0.02283653846153846
4 0.35336538461538464 0.4639423076923077 0.054086538461538464 0.018028846153846152
4 0.3713942307692308 0.48197115384615385 0.038461538461538464 0.021634615384615384
4 0.09615384615384616 0.4987980769230769 0.018028846153846152 0.04927884615384615