5 0.0889423076923077 0.13822115384615385 0.037259615384615384 0.009615384615384616
4 0.9651442307692307 0.21995192307692307 0.06490384615384616 0.040865384615384616
4 0.21754807692307693 0.25240384615384615 0.02403846153846154 0.06370192307692307
4 0.5552884615384616 0.39903846153846156 0.08413461538461539 0.040865384615384616
4 0.7776442307692307 0.4026442307692308 0.0829326923076923 0.037259615384615384
5 0.04927884615384615 0.42908653846153844 0.008413461538461538 0.02283653846153846
5 0.9110576923076923 0.5637019230769231 0.01201923076923077 0.028846153846153848
5 0.09975961538461539 0.5673076923076923 0.020432692307692308 0.04447115384615385
4 0.3545673076923077 0.6454326923076923 0.026442307692307692 0.0985576923076923
4 0.8954326923076923 0.7127403846153846 0.03485576923076923 0.10817307692307693
5 0.9098557692307693 0.7331730769230769 0.009615384615384616 0.06129807692307692
5 0.12620192307692307 0.7740384615384616 0.07091346153846154 0.010817307692307692
5 0.36538461538461536 0.7776442307692307 0.18389423076923078 0.016826923076923076
4 0.18629807692307693 0.8040865384615384 0.09375 0.028846153846153848
4 0.9675480769230769 0.8365384615384616 0.06009615384615385 0.028846153846153848
4 0.40865384615384615 0.8533653846153846 0.06610576923076923 0.028846153846153848
4 0.27884615384615385 0.9170673076923077 0.026442307692307692 0.09495192307692307
4 0.7920673076923077 0.9375 0.026442307692307692 0.06850961538461539
4 0.5949519230769231 0.9387019230769231 0.038461538461538464 0.0625