4 0.6514423076923077 0.17548076923076922 0.020432692307692308 0.03485576923076923
4 0.5564903846153846 0.19591346153846154 0.06009615384615385 0.020432692307692308
4 0.16346153846153846 0.1971153846153846 0.06009615384615385 0.019230769230769232
4 0.9483173076923077 0.19951923076923078 0.0733173076923077 0.02283653846153846
4 0.35336538461538464 0.20192307692307693 0.10216346153846154 0.026442307692307692
4 0.796875 0.21995192307692307 0.05048076923076923 0.020432692307692308
4 0.7115384615384616 0.22355769230769232 0.03485576923076923 0.018028846153846152
4 0.051682692307692304 0.22355769230769232 0.037259615384615384 0.020432692307692308
4 0.8846153846153846 0.2247596153846154 0.03485576923076923 0.020432692307692308
4 0.3737980769230769 0.25961538461538464 0.055288461538461536 0.021634615384615384
4 0.2692307692307692 0.41225961538461536 0.08052884615384616 0.020432692307692308
4 0.9735576923076923 0.41346153846153844 0.04807692307692308 0.02403846153846154
4 0.06850961538461539 0.4326923076923077 0.018028846153846152 0.036057692307692304
4 0.030048076923076924 0.43990384615384615 0.020432692307692308 0.03485576923076923
4 0.4639423076923077 0.5444711538461539 0.03485576923076923 0.021634615384615384
4 0.5096153846153846 0.5444711538461539 0.02403846153846154 0.018028846153846152
4 0.6009615384615384 0.5444711538461539 0.026442307692307692 0.018028846153846152
4 0.6887019230769231 0.5444711538461539 0.026442307692307692 0.018028846153846152
4 0.41947115384615385 0.5444711538461539 0.021634615384615384 0.019230769230769232
4 0.8088942307692307 0.5456730769230769 0.08052884615384616 0.018028846153846152
4 0.375 0.08653846153846154 0.038461538461538464 0.020432692307692308
4 0.46274038461538464 0.09975961538461539 0.025240384615384616 0.0625