4 0.9867788461538461 0.12860576923076922 0.021634615384615384 0.05048076923076923
4 0.9074519230769231 0.16105769230769232 0.02403846153846154 0.04807692307692308
4 0.9891826923076923 0.19831730769230768 0.020432692307692308 0.04927884615384615
4 0.90625 0.22956730769230768 0.020432692307692308 0.05048076923076923
6 0.18028846153846154 0.23798076923076922 0.3605769230769231 0.2644230769230769
4 0.9254807692307693 0.30408653846153844 0.026442307692307692 0.04567307692307692
4 0.38221153846153844 0.43149038461538464 0.026442307692307692 0.042067307692307696
4 0.2920673076923077 0.5360576923076923 0.04927884615384615 0.03125
4 0.23798076923076922 0.6213942307692307 0.03245192307692308 0.0625
4 0.7800480769230769 0.7175480769230769 0.025240384615384616 0.055288461538461536
4 0.42788461538461536 0.7776442307692307 0.02283653846153846 0.046875
4 0.8040865384615384 0.7848557692307693 0.026442307692307692 0.046875
4 0.5769230769230769 0.8016826923076923 0.056490384615384616 0.020432692307692308
4 0.6983173076923077 0.8028846153846154 0.05048076923076923 0.016826923076923076
4 0.8052884615384616 0.9603365384615384 0.028846153846153848 0.042067307692307696