4 0.8473557692307693 0.10817307692307693 0.038461538461538464 0.02403846153846154
4 0.7728365384615384 0.12740384615384615 0.039663461538461536 0.025240384615384616
4 0.5805288461538461 0.17908653846153846 0.04567307692307692 0.02283653846153846
4 0.36658653846153844 0.31490384615384615 0.036057692307692304 0.051682692307692304
4 0.41466346153846156 0.49158653846153844 0.039663461538461536 0.051682692307692304
4 0.4675480769230769 0.5444711538461539 0.036057692307692304 0.042067307692307696
4 0.7860576923076923 0.6514423076923077 0.03245192307692308 0.04567307692307692
4 0.9375 0.7776442307692307 0.051682692307692304 0.037259615384615384
4 0.45552884615384615 0.08173076923076923 0.04567307692307692 0.03245192307692308
4 0.765625 0.8221153846153846 0.052884615384615384 0.038461538461538464
4 0.8028846153846154 0.09254807692307693 0.038461538461538464 0.026442307692307692