4 0.9711538461538461 0.1310096153846154 0.052884615384615384 0.04567307692307692
4 0.8665865384615384 0.16105769230769232 0.019230769230769232 0.037259615384615384
6 0.1622596153846154 0.2439903846153846 0.3245192307692308 0.2620192307692308
4 0.8870192307692307 0.3016826923076923 0.020432692307692308 0.03245192307692308
4 0.25721153846153844 0.5372596153846154 0.03245192307692308 0.015625
4 0.20192307692307693 0.6213942307692307 0.018028846153846152 0.05048076923076923
4 0.7415865384615384 0.7151442307692307 0.020432692307692308 0.046875
4 0.3894230769230769 0.7752403846153846 0.019230769230769232 0.037259615384615384
4 0.7680288461538461 0.7848557692307693 0.019230769230769232 0.03365384615384615
4 0.5408653846153846 0.8016826923076923 0.04447115384615385 0.020432692307692308
4 0.036057692307692304 0.8100961538461539 0.03365384615384615 0.020432692307692308
4 0.09134615384615384 0.8100961538461539 0.036057692307692304 0.020432692307692308
4 0.2668269230769231 0.8112980769230769 0.03245192307692308 0.018028846153846152
4 0.7668269230769231 0.9555288461538461 0.020432692307692308 0.038461538461538464