6 0.9110576923076923 0.2620192307692308 0.17307692307692307 0.125
4 0.28846153846153844 0.2800480769230769 0.039663461538461536 0.020432692307692308
6 0.9110576923076923 0.4014423076923077 0.17668269230769232 0.125
5 0.6838942307692307 0.46634615384615385 0.01201923076923077 0.009615384615384616
4 0.6021634615384616 0.5012019230769231 0.02403846153846154 0.04807692307692308
5 0.6646634615384616 0.5769230769230769 0.039663461538461536 0.018028846153846152
5 0.42427884615384615 0.5949519230769231 0.010817307692307692 0.04927884615384615
4 0.9194711538461539 0.7475961538461539 0.04567307692307692 0.020432692307692308
5 0.45552884615384615 0.84375 0.04807692307692308 0.01201923076923077
5 0.6334134615384616 0.8449519230769231 0.014423076923076924 0.010817307692307692
5 0.6706730769230769 0.8653846153846154 0.006009615384615385 0.030048076923076924
5 0.42427884615384615 0.8665865384615384 0.008413461538461538 0.03125
4 0.4375 0.9050480769230769 0.042067307692307696 0.016826923076923076