4 0.036057692307692304 0.10096153846153846 0.04326923076923077 0.021634615384615384
4 0.4675480769230769 0.13221153846153846 0.057692307692307696 0.04807692307692308
4 0.3713942307692308 0.13341346153846154 0.04326923076923077 0.02283653846153846
4 0.19110576923076922 0.13341346153846154 0.054086538461538464 0.039663461538461536
4 0.78125 0.1346153846153846 0.04567307692307692 0.02283653846153846
4 0.5745192307692307 0.1346153846153846 0.04326923076923077 0.02403846153846154
4 0.671875 0.1346153846153846 0.039663461538461536 0.021634615384615384
4 0.09495192307692307 0.1346153846153846 0.040865384615384616 0.021634615384615384
4 0.3473557692307692 0.15504807692307693 0.06850961538461539 0.021634615384615384
4 0.28125 0.15625 0.06610576923076923 0.02403846153846154
4 0.17668269230769232 0.016826923076923076 0.026442307692307692 0.03365384615384615
4 0.140625 0.17908653846153846 0.02283653846153846 0.040865384615384616
4 0.5144230769230769 0.18389423076923078 0.02283653846153846 0.039663461538461536
4 0.17668269230769232 0.21875 0.02283653846153846 0.040865384615384616
4 0.4963942307692308 0.2764423076923077 0.07211538461538461 0.04927884615384615
4 0.17548076923076922 0.2800480769230769 0.021634615384615384 0.038461538461538464
4 0.7463942307692307 0.3425480769230769 0.018028846153846152 0.03485576923076923
4 0.5552884615384616 0.0625 0.02403846153846154 0.0673076923076923
4 0.2920673076923077 0.6838942307692307 0.038461538461538464 0.02403846153846154
4 0.6658653846153846 0.7175480769230769 0.04447115384615385 0.026442307692307692
4 0.2620192307692308 0.7175480769230769 0.04447115384615385 0.021634615384615384
4 0.5745192307692307 0.71875 0.040865384615384616 0.026442307692307692
4 0.13942307692307693 0.078125 0.02403846153846154 0.05048076923076923
4 0.7439903846153846 0.8629807692307693 0.02283653846153846 0.038461538461538464
4 0.7163461538461539 0.9110576923076923 0.037259615384615384 0.09615384615384616
4 0.8004807692307693 0.9122596153846154 0.020432692307692308 0.038461538461538464
4 0.7463942307692307 0.9459134615384616 0.020432692307692308 0.04326923076923077
4 0.6274038461538461 0.0985576923076923 0.042067307692307696 0.019230769230769232