5 0.7115384615384616 0.2764423076923077 0.1875 0.025240384615384616
4 0.4014423076923077 0.3173076923076923 0.09615384615384616 0.02403846153846154
4 0.5264423076923077 0.3173076923076923 0.09254807692307693 0.020432692307692308
4 0.84375 0.3233173076923077 0.09254807692307693 0.019230769230769232
4 0.7824519230769231 0.35697115384615385 0.019230769230769232 0.11658653846153846
5 0.3245192307692308 0.4206730769230769 0.06850961538461539 0.02403846153846154
4 0.46153846153846156 0.49759615384615385 0.04567307692307692 0.020432692307692308
5 0.5240384615384616 0.5649038461538461 0.02283653846153846 0.27524038461538464
5 0.1622596153846154 0.6526442307692307 0.020432692307692308 0.15745192307692307
5 0.3557692307692308 0.06971153846153846 0.018028846153846152 0.04326923076923077
4 0.01201923076923077 0.7319711538461539 0.020432692307692308 0.07572115384615384
5 0.5192307692307693 0.8137019230769231 0.021634615384615384 0.028846153846153848
5 0.49278846153846156 0.8221153846153846 0.07692307692307693 0.018028846153846152
5 0.16466346153846154 0.8798076923076923 0.020432692307692308 0.13581730769230768