4 0.3485576923076923 0.016826923076923076 0.02403846153846154 0.03365384615384615
2 0.7139423076923077 0.25 0.17067307692307693 0.03125
4 0.4014423076923077 0.3786057692307692 0.04567307692307692 0.020432692307692308
4 0.6790865384615384 0.3786057692307692 0.04927884615384615 0.020432692307692308
4 0.9098557692307693 0.3798076923076923 0.04807692307692308 0.02283653846153846
4 0.7860576923076923 0.421875 0.040865384615384616 0.020432692307692308
4 0.08052884615384616 0.5637019230769231 0.054086538461538464 0.02403846153846154
4 0.10096153846153846 0.6334134615384616 0.037259615384615384 0.026442307692307692
4 0.14302884615384615 0.6694711538461539 0.04807692307692308 0.021634615384615384
4 0.6646634615384616 0.7055288461538461 0.0985576923076923 0.02403846153846154
4 0.02283653846153846 0.8425480769230769 0.020432692307692308 0.036057692307692304
4 0.8894230769230769 0.84375 0.021634615384615384 0.040865384615384616
4 0.28725961538461536 0.9507211538461539 0.04927884615384615 0.020432692307692308
4 0.7271634615384616 0.953125 0.04567307692307692 0.02283653846153846