4 0.06850961538461539 0.11057692307692307 0.0673076923076923 0.020432692307692308
4 0.8305288461538461 0.11298076923076923 0.06971153846153846 0.03245192307692308
4 0.9555288461538461 0.11298076923076923 0.04927884615384615 0.025240384615384616
4 0.1971153846153846 0.11298076923076923 0.056490384615384616 0.02403846153846154
4 0.609375 0.11658653846153846 0.06009615384615385 0.026442307692307692
4 0.36899038461538464 0.11778846153846154 0.07091346153846154 0.036057692307692304
4 0.4879807692307692 0.11778846153846154 0.06850961538461539 0.039663461538461536
4 0.46875 0.03485576923076923 0.02403846153846154 0.042067307692307696
1 0.6826923076923077 0.06009615384615385 0.06370192307692307 0.06490384615384616
1 0.7980769230769231 0.06009615384615385 0.06370192307692307 0.0625
4 0.7271634615384616 0.640625 0.04927884615384615 0.026442307692307692
4 0.8064903846153846 0.6418269230769231 0.04326923076923077 0.025240384615384616
1 0.6838942307692307 0.7752403846153846 0.06850961538461539 0.06610576923076923
1 0.7980769230769231 0.7764423076923077 0.06490384615384616 0.06370192307692307
4 0.12259615384615384 0.7776442307692307 0.02403846153846154 0.042067307692307696