4 0.7572115384615384 0.29086538461538464 0.06490384615384616 0.03245192307692308
4 0.18990384615384615 0.2920673076923077 0.07692307692307693 0.036057692307692304
4 0.7560096153846154 0.3545673076923077 0.07932692307692307 0.026442307692307692
4 0.1935096153846154 0.3581730769230769 0.08413461538461539 0.026442307692307692
6 0.9675480769230769 0.4807692307692308 0.06009615384615385 0.28365384615384615
6 0.9615384615384616 0.5084134615384616 0.07211538461538461 0.5841346153846154
4 0.7560096153846154 0.5192307692307693 0.06850961538461539 0.042067307692307696
4 0.203125 0.5228365384615384 0.078125 0.03365384615384615
4 0.7596153846153846 0.5793269230769231 0.0985576923076923 0.03245192307692308
4 0.18990384615384615 0.5793269230769231 0.07451923076923077 0.037259615384615384
4 0.1875 0.7115384615384616 0.08173076923076923 0.037259615384615384
4 0.17067307692307693 0.7716346153846154 0.08533653846153846 0.026442307692307692
4 0.19471153846153846 0.8341346153846154 0.09495192307692307 0.038461538461538464