5 0.828125 0.3389423076923077 0.010817307692307692 0.34134615384615385
5 0.6887019230769231 0.3605769230769231 0.004807692307692308 0.4026442307692308
4 0.8245192307692307 0.46153846153846156 0.08413461538461539 0.04807692307692308
5 0.49759615384615385 0.5372596153846154 0.140625 0.016826923076923076
5 0.6646634615384616 0.5384615384615384 0.04567307692307692 0.021634615384615384
5 0.296875 0.5396634615384616 0.10817307692307693 0.015625
3 0.3858173076923077 0.5564903846153846 0.10576923076923077 0.09134615384615384
3 0.6057692307692307 0.5576923076923077 0.10817307692307693 0.1045673076923077
3 0.4987980769230769 0.6838942307692307 0.13942307692307693 0.08173076923076923
5 0.6189903846153846 0.6923076923076923 0.125 0.01201923076923077
5 0.3449519230769231 0.6935096153846154 0.19471153846153846 0.014423076923076924
5 0.6838942307692307 0.8125 0.008413461538461538 0.2776442307692308
3 0.640625 0.08774038461538461 0.12740384615384615 0.17548076923076922
3 0.8064903846153846 0.0889423076923077 0.11177884615384616 0.1778846153846154
3 0.8882211538461539 0.921875 0.1658653846153846 0.10216346153846154
5 0.9795673076923077 0.9555288461538461 0.036057692307692304 0.007211538461538462
5 0.5084134615384616 0.9591346153846154 0.6117788461538461 0.006009615384615385