4 0.42908653846153844 0.11057692307692307 0.020432692307692308 0.04927884615384615
4 0.6658653846153846 0.12740384615384615 0.040865384615384616 0.025240384615384616
4 0.3233173076923077 0.23197115384615385 0.021634615384615384 0.04447115384615385
4 0.6430288461538461 0.234375 0.038461538461538464 0.021634615384615384
4 0.42788461538461536 0.35216346153846156 0.020432692307692308 0.05048076923076923
4 0.3245192307692308 0.4735576923076923 0.02403846153846154 0.052884615384615384
4 0.42908653846153844 0.5925480769230769 0.020432692307692308 0.05048076923076923
4 0.32211538461538464 0.7103365384615384 0.021634615384615384 0.05048076923076923
4 0.5745192307692307 0.7199519230769231 0.02403846153846154 0.040865384615384616
4 0.7740384615384616 0.8137019230769231 0.05048076923076923 0.020432692307692308
4 0.42908653846153844 0.8305288461538461 0.020432692307692308 0.051682692307692304