4 0.41346153846153844 0.1971153846153846 0.030048076923076924 0.056490384615384616
4 0.3076923076923077 0.3161057692307692 0.02403846153846154 0.04807692307692308
4 0.41225961538461536 0.4362980769230769 0.02403846153846154 0.057692307692307696
4 0.31009615384615385 0.5552884615384616 0.026442307692307692 0.051682692307692304
4 0.6502403846153846 0.057692307692307696 0.04447115384615385 0.025240384615384616
4 0.41346153846153844 0.6742788461538461 0.027644230769230768 0.055288461538461536
4 0.31009615384615385 0.07572115384615384 0.026442307692307692 0.04807692307692308
4 0.3088942307692308 0.7944711538461539 0.026442307692307692 0.051682692307692304
4 0.5600961538461539 0.8064903846153846 0.02403846153846154 0.042067307692307696
4 0.41346153846153844 0.9134615384615384 0.026442307692307692 0.04807692307692308
4 0.7584134615384616 0.9435096153846154 0.055288461538461536 0.026442307692307692