4 0.6514423076923077 0.7908653846153846 0.06971153846153846 0.027644230769230768
4 0.7728365384615384 0.7944711538461539 0.0625 0.015625
4 0.8894230769230769 0.7956730769230769 0.07451923076923077 0.02403846153846154
4 0.5264423076923077 0.7992788461538461 0.06850961538461539 0.030048076923076924
6 0.41466346153846156 0.8329326923076923 0.0625 0.06610576923076923
4 0.5360576923076923 0.8341346153846154 0.07451923076923077 0.036057692307692304
4 0.6454326923076923 0.8365384615384616 0.08653846153846154 0.039663461538461536
4 0.8846153846153846 0.8389423076923077 0.07451923076923077 0.038461538461538464
4 0.7800480769230769 0.8413461538461539 0.07692307692307693 0.036057692307692304
4 0.43990384615384615 0.8798076923076923 0.04807692307692308 0.025240384615384616
4 0.5 0.8990384615384616 0.05889423076923077 0.037259615384615384
4 0.6790865384615384 0.9050480769230769 0.09254807692307693 0.03245192307692308
4 0.42908653846153844 0.9375 0.0889423076923077 0.037259615384615384
4 0.6694711538461539 0.9555288461538461 0.07572115384615384 0.038461538461538464
4 0.49759615384615385 0.9555288461538461 0.06370192307692307 0.03245192307692308
4 0.42427884615384615 0.9747596153846154 0.078125 0.027644230769230768