4 0.9435096153846154 0.328125 0.038461538461538464 0.020432692307692308
4 0.2644230769230769 0.328125 0.03485576923076923 0.020432692307692308
4 0.7536057692307693 0.328125 0.04927884615384615 0.02283653846153846
4 0.054086538461538464 0.04807692307692308 0.037259615384615384 0.020432692307692308
4 0.3605769230769231 0.04927884615384615 0.036057692307692304 0.021634615384615384
4 0.6995192307692307 0.05048076923076923 0.039663461538461536 0.021634615384615384
4 0.6935096153846154 0.7475961538461539 0.03365384615384615 0.020432692307692308
4 0.3605769230769231 0.7475961538461539 0.03245192307692308 0.020432692307692308
4 0.051682692307692304 0.78125 0.038461538461538464 0.02283653846153846
4 0.35216346153846156 0.7824519230769231 0.037259615384615384 0.020432692307692308
4 0.019230769230769232 0.0829326923076923 0.038461538461538464 0.026442307692307692
4 0.7596153846153846 0.0829326923076923 0.04567307692307692 0.02283653846153846
4 0.4170673076923077 0.08413461538461539 0.052884615384615384 0.021634615384615384