4 0.5949519230769231 0.37740384615384615 0.04447115384615385 0.021634615384615384
4 0.9519230769230769 0.4230769230769231 0.03485576923076923 0.020432692307692308
4 0.6009615384615384 0.4567307692307692 0.03245192307692308 0.021634615384615384
4 0.9350961538461539 0.4567307692307692 0.03485576923076923 0.020432692307692308
4 0.9002403846153846 0.48677884615384615 0.019230769230769232 0.039663461538461536
4 0.9014423076923077 0.5877403846153846 0.018028846153846152 0.038461538461538464
4 0.4543269230769231 0.6887019230769231 0.08653846153846154 0.05048076923076923
4 0.9026442307692307 0.7019230769230769 0.019230769230769232 0.037259615384615384
4 0.8100961538461539 0.7704326923076923 0.037259615384615384 0.020432692307692308
4 0.32572115384615385 0.8245192307692307 0.038461538461538464 0.021634615384615384
6 0.8725961538461539 0.9146634615384616 0.14423076923076922 0.1658653846153846