4 0.4206730769230769 0.14903846153846154 0.04567307692307692 0.020432692307692308
4 0.07211538461538461 0.15144230769230768 0.042067307692307696 0.027644230769230768
4 0.7584134615384616 0.15504807692307693 0.04447115384615385 0.018028846153846152
4 0.4795673076923077 0.18629807692307693 0.054086538461538464 0.020432692307692308
4 0.8245192307692307 0.18629807692307693 0.06850961538461539 0.025240384615384616
4 0.08413461538461539 0.2439903846153846 0.05048076923076923 0.03365384615384615
4 0.7920673076923077 0.39663461538461536 0.039663461538461536 0.03245192307692308
4 0.20072115384615385 0.43149038461538464 0.06009615384615385 0.02403846153846154
4 0.3473557692307692 0.43149038461538464 0.052884615384615384 0.02403846153846154
4 0.1045673076923077 0.4326923076923077 0.038461538461538464 0.025240384615384616
4 0.8978365384615384 0.4338942307692308 0.056490384615384616 0.030048076923076924
4 0.13581730769230768 0.6875 0.025240384615384616 0.042067307692307696
4 0.7632211538461539 0.9855769230769231 0.036057692307692304 0.02283653846153846
4 0.4170673076923077 0.9855769230769231 0.04807692307692308 0.026442307692307692