4 0.9387019230769231 0.15144230769230768 0.04447115384615385 0.025240384615384616
4 0.9387019230769231 0.20552884615384615 0.04447115384615385 0.03125
4 0.5661057692307693 0.025240384615384616 0.04807692307692308 0.02283653846153846
4 0.4699519230769231 0.27163461538461536 0.040865384615384616 0.020432692307692308
4 0.3942307692307692 0.27524038461538464 0.04447115384615385 0.025240384615384616
4 0.8245192307692307 0.29447115384615385 0.027644230769230768 0.05048076923076923
4 0.6358173076923077 0.33653846153846156 0.03245192307692308 0.06009615384615385
4 0.9122596153846154 0.04447115384615385 0.05889423076923077 0.03125
4 0.6862980769230769 0.04567307692307692 0.06610576923076923 0.028846153846153848
6 0.21634615384615385 0.4855769230769231 0.34615384615384615 0.24759615384615385
4 0.6394230769230769 0.6129807692307693 0.03245192307692308 0.0673076923076923
4 0.8545673076923077 0.8088942307692307 0.06850961538461539 0.02403846153846154
4 0.8822115384615384 0.9375 0.03245192307692308 0.054086538461538464
4 0.640625 0.9447115384615384 0.03125 0.078125