4 0.47115384615384615 0.140625 0.08413461538461539 0.020432692307692308
4 0.17427884615384615 0.14182692307692307 0.08052884615384616 0.02283653846153846
4 0.5048076923076923 0.2800480769230769 0.05048076923076923 0.020432692307692308
4 0.6646634615384616 0.6971153846153846 0.019230769230769232 0.039663461538461536
4 0.6658653846153846 0.7740384615384616 0.016826923076923076 0.03365384615384615
4 0.4110576923076923 0.8004807692307693 0.038461538461538464 0.021634615384615384
4 0.22956730769230768 0.8004807692307693 0.03485576923076923 0.020432692307692308
4 0.2932692307692308 0.8004807692307693 0.036057692307692304 0.02283653846153846
4 0.35096153846153844 0.8004807692307693 0.037259615384615384 0.020432692307692308
4 0.021634615384615384 0.875 0.037259615384615384 0.018028846153846152
4 0.8713942307692307 0.8810096153846154 0.036057692307692304 0.025240384615384616