4 0.16706730769230768 0.1045673076923077 0.03245192307692308 0.056490384615384616
4 0.9459134615384616 0.10697115384615384 0.039663461538461536 0.06129807692307692
4 0.9783653846153846 0.17908653846153846 0.03485576923076923 0.056490384615384616
4 0.19951923076923078 0.18389423076923078 0.036057692307692304 0.052884615384615384
4 0.3629807692307692 0.18870192307692307 0.03365384615384615 0.04447115384615385
4 0.16105769230769232 0.21754807692307693 0.03245192307692308 0.04447115384615385
4 0.9435096153846154 0.21995192307692307 0.030048076923076924 0.0673076923076923
4 0.49278846153846156 0.4519230769230769 0.08173076923076923 0.038461538461538464
4 0.23197115384615385 0.5913461538461539 0.026442307692307692 0.04447115384615385
4 0.3004807692307692 0.5997596153846154 0.030048076923076924 0.054086538461538464
4 0.43028846153846156 0.7235576923076923 0.0889423076923077 0.020432692307692308
4 0.8329326923076923 0.7259615384615384 0.10216346153846154 0.03365384615384615
4 0.0673076923076923 0.7283653846153846 0.10817307692307693 0.04447115384615385
4 0.0829326923076923 0.7860576923076923 0.054086538461538464 0.026442307692307692
4 0.4567307692307692 0.7920673076923077 0.057692307692307696 0.037259615384615384
4 0.8822115384615384 0.7920673076923077 0.06610576923076923 0.03245192307692308
4 0.2848557692307692 0.09495192307692307 0.06490384615384616 0.028846153846153848
4 0.6658653846153846 0.9651442307692307 0.05048076923076923 0.03245192307692308
4 0.26322115384615385 0.9663461538461539 0.05048076923076923 0.03245192307692308