4 0.20552884615384615 0.2403846153846154 0.04447115384615385 0.03245192307692308
4 0.4795673076923077 0.24278846153846154 0.039663461538461536 0.025240384615384616
4 0.7800480769230769 0.24759615384615385 0.03245192307692308 0.021634615384615384
4 0.3485576923076923 0.2692307692307692 0.05048076923076923 0.02283653846153846
4 0.2692307692307692 0.27163461538461536 0.051682692307692304 0.03125
4 0.7908653846153846 0.27524038461538464 0.04447115384615385 0.03365384615384615
6 0.6310096153846154 0.5673076923076923 0.328125 0.16346153846153846
6 0.11298076923076923 0.5685096153846154 0.21875 0.16947115384615385
6 0.4182692307692308 0.8149038461538461 0.12740384615384615 0.359375
6 0.2764423076923077 0.8185096153846154 0.1502403846153846 0.36177884615384615
6 0.6358173076923077 0.8245192307692307 0.2620192307692308 0.34615384615384615
6 0.10096153846153846 0.8329326923076923 0.20192307692307693 0.3293269230769231