4 0.3449519230769231 0.018028846153846152 0.04447115384615385 0.016826923076923076
4 0.5024038461538461 0.29086538461538464 0.10216346153846154 0.027644230769230768
4 0.0889423076923077 0.2920673076923077 0.09254807692307693 0.020432692307692308
4 0.9050480769230769 0.2920673076923077 0.0985576923076923 0.02403846153846154
4 0.7692307692307693 0.4074519230769231 0.021634615384615384 0.04807692307692308
4 0.9507211538461539 0.6610576923076923 0.06971153846153846 0.027644230769230768
4 0.06009615384615385 0.7283653846153846 0.026442307692307692 0.036057692307692304
5 0.16346153846153846 0.7572115384615384 0.004807692307692308 0.028846153846153848
4 0.8389423076923077 0.796875 0.02283653846153846 0.03245192307692308
4 0.06129807692307692 0.796875 0.020432692307692308 0.042067307692307696
4 0.8161057692307693 0.8305288461538461 0.020432692307692308 0.036057692307692304
4 0.03485576923076923 0.8329326923076923 0.026442307692307692 0.038461538461538464
4 0.6550480769230769 0.8341346153846154 0.020432692307692308 0.04326923076923077
4 0.42908653846153844 0.9254807692307693 0.020432692307692308 0.038461538461538464