4 0.30528846153846156 0.1935096153846154 0.05048076923076923 0.021634615384615384
4 0.4230769230769231 0.1935096153846154 0.038461538461538464 0.02283653846153846
4 0.18028846153846154 0.1935096153846154 0.042067307692307696 0.020432692307692308
4 0.06009615384615385 0.1935096153846154 0.04567307692307692 0.021634615384615384
4 0.9735576923076923 0.23677884615384615 0.04807692307692308 0.036057692307692304
4 0.042067307692307696 0.27524038461538464 0.07692307692307693 0.027644230769230768
4 0.1935096153846154 0.2776442307692308 0.07572115384615384 0.03125
4 0.2824519230769231 0.2800480769230769 0.07692307692307693 0.028846153846153848
4 0.43509615384615385 0.28125 0.07572115384615384 0.030048076923076924
4 0.3545673076923077 0.32572115384615385 0.1201923076923077 0.028846153846153848
4 0.9050480769230769 0.34134615384615385 0.06971153846153846 0.02403846153846154
4 0.3545673076923077 0.3641826923076923 0.13942307692307693 0.027644230769230768
6 0.8377403846153846 0.36538461538461536 0.0673076923076923 0.0733173076923077
4 0.9615384615384616 0.3713942307692308 0.0673076923076923 0.027644230769230768
4 0.9254807692307693 0.421875 0.06971153846153846 0.03245192307692308
4 0.9615384615384616 0.4519230769230769 0.0673076923076923 0.03125
4 0.9591346153846154 0.49278846153846156 0.06610576923076923 0.030048076923076924
4 0.8341346153846154 0.49759615384615385 0.06850961538461539 0.02283653846153846
4 0.21875 0.6814903846153846 0.056490384615384616 0.02283653846153846
6 0.27403846153846156 0.6935096153846154 0.11899038461538461 0.07692307692307693
4 0.3485576923076923 0.8762019230769231 0.0673076923076923 0.03245192307692308
4 0.04807692307692308 0.9014423076923077 0.07692307692307693 0.04567307692307692
4 0.18389423076923078 0.9038461538461539 0.08533653846153846 0.04447115384615385
4 0.9831730769230769 0.90625 0.03245192307692308 0.04447115384615385
4 0.4411057692307692 0.9110576923076923 0.07451923076923077 0.027644230769230768
4 0.8605769230769231 0.9170673076923077 0.07692307692307693 0.03125
4 0.3016826923076923 0.9290865384615384 0.14783653846153846 0.03125
6 0.7572115384615384 0.9302884615384616 0.06850961538461539 0.11658653846153846
4 0.9819711538461539 0.9699519230769231 0.03125 0.021634615384615384
4 0.1045673076923077 0.9711538461538461 0.06850961538461539 0.020432692307692308
4 0.9134615384615384 0.9711538461538461 0.06370192307692307 0.02403846153846154
4 0.3389423076923077 0.9795673076923077 0.07211538461538461 0.036057692307692304