4 0.6754807692307693 0.125 0.04927884615384615 0.026442307692307692
4 0.5817307692307693 0.14783653846153846 0.037259615384615384 0.026442307692307692
4 0.7475961538461539 0.38100961538461536 0.026442307692307692 0.051682692307692304
1 0.5264423076923077 0.38341346153846156 0.07451923076923077 0.0985576923076923
4 0.45552884615384615 0.4254807692307692 0.02403846153846154 0.037259615384615384
4 0.5024038461538461 0.4567307692307692 0.027644230769230768 0.038461538461538464
4 0.4579326923076923 0.05048076923076923 0.039663461538461536 0.027644230769230768
4 0.47596153846153844 0.5012019230769231 0.026442307692307692 0.039663461538461536
4 0.5132211538461539 0.5012019230769231 0.030048076923076924 0.03485576923076923
4 0.8028846153846154 0.0625 0.038461538461538464 0.02403846153846154
4 0.9387019230769231 0.7560096153846154 0.04567307692307692 0.027644230769230768
4 0.8485576923076923 0.07692307692307693 0.036057692307692304 0.021634615384615384
4 0.7680288461538461 0.8004807692307693 0.046875 0.027644230769230768
4 0.7728365384615384 0.0985576923076923 0.036057692307692304 0.025240384615384616