4 0.8125 0.328125 0.17427884615384615 0.03365384615384615
4 0.24759615384615385 0.4230769230769231 0.07572115384615384 0.03245192307692308
4 0.09615384615384616 0.4230769230769231 0.08653846153846154 0.03125
4 0.6887019230769231 0.5276442307692307 0.08533653846153846 0.03245192307692308
4 0.43509615384615385 0.055288461538461536 0.04447115384615385 0.028846153846153848
4 0.7295673076923077 0.5625 0.051682692307692304 0.03125
4 0.65625 0.5649038461538461 0.055288461538461536 0.03245192307692308
4 0.49759615384615385 0.5829326923076923 0.057692307692307696 0.038461538461538464
4 0.06370192307692307 0.625 0.038461538461538464 0.036057692307692304
4 0.19951923076923078 0.08533653846153846 0.04807692307692308 0.036057692307692304
4 0.5961538461538461 0.08533653846153846 0.04807692307692308 0.027644230769230768
4 0.08653846153846154 0.8557692307692307 0.09375 0.038461538461538464
4 0.24759615384615385 0.8617788461538461 0.09014423076923077 0.042067307692307696
4 0.4014423076923077 0.0889423076923077 0.052884615384615384 0.025240384615384616