4 0.19831730769230768 0.16706730769230768 0.019230769230769232 0.028846153846153848
4 0.22596153846153846 0.2764423076923077 0.0829326923076923 0.056490384615384616
4 0.2800480769230769 0.051682692307692304 0.03125 0.018028846153846152
4 0.038461538461538464 0.5997596153846154 0.020432692307692308 0.03485576923076923
4 0.3173076923076923 0.6382211538461539 0.04447115384615385 0.021634615384615384
4 0.24759615384615385 0.6466346153846154 0.021634615384615384 0.038461538461538464
4 0.5336538461538461 0.6814903846153846 0.020432692307692308 0.038461538461538464
4 0.8353365384615384 0.71875 0.03365384615384615 0.021634615384615384
4 0.5348557692307693 0.7536057692307693 0.020432692307692308 0.04927884615384615
4 0.6009615384615384 0.8449519230769231 0.036057692307692304 0.020432692307692308
4 0.45072115384615385 0.8822115384615384 0.04567307692307692 0.020432692307692308