4 0.21995192307692307 0.11658653846153846 0.08533653846153846 0.026442307692307692
4 0.5348557692307693 0.2283653846153846 0.028846153846153848 0.06850961538461539
5 0.6538461538461539 0.3125 0.007211538461538462 0.0889423076923077
4 0.7127403846153846 0.33774038461538464 0.038461538461538464 0.05048076923076923
4 0.5384615384615384 0.43028846153846156 0.030048076923076924 0.05048076923076923
4 0.7151442307692307 0.44350961538461536 0.030048076923076924 0.09375
5 0.6454326923076923 0.051682692307692304 0.004807692307692308 0.07692307692307693
4 0.5408653846153846 0.6177884615384616 0.03365384615384615 0.06850961538461539
5 0.17307692307692307 0.0673076923076923 0.34134615384615385 0.006009615384615385
5 0.5685096153846154 0.0673076923076923 0.14903846153846154 0.010817307692307692
3 0.6875 0.7788461538461539 0.1346153846153846 0.13221153846153846
4 0.7139423076923077 0.8197115384615384 0.038461538461538464 0.109375
5 0.6322115384615384 0.9242788461538461 0.037259615384615384 0.006009615384615385
4 0.5973557692307693 0.9266826923076923 0.019230769230769232 0.021634615384615384
3 0.41225961538461536 0.09495192307692307 0.19831730769230768 0.13341346153846154