4 0.6899038461538461 0.32572115384615385 0.04447115384615385 0.020432692307692308
4 0.5480769230769231 0.37259615384615385 0.020432692307692308 0.040865384615384616
4 0.5132211538461539 0.390625 0.021634615384615384 0.03485576923076923
4 0.09375 0.3918269230769231 0.02403846153846154 0.038461538461538464
1 0.30408653846153844 0.41947115384615385 0.06971153846153846 0.0625
4 0.6286057692307693 0.46153846153846156 0.054086538461538464 0.021634615384615384
4 0.20673076923076922 0.46153846153846156 0.04927884615384615 0.02403846153846154
4 0.07692307692307693 0.46153846153846156 0.051682692307692304 0.020432692307692308
4 0.36658653846153844 0.46274038461538464 0.04927884615384615 0.019230769230769232
4 0.4963942307692308 0.46274038461538464 0.04927884615384615 0.020432692307692308
4 0.7439903846153846 0.5096153846153846 0.038461538461538464 0.020432692307692308
4 0.7596153846153846 0.5805288461538461 0.038461538461538464 0.02403846153846154
4 0.7367788461538461 0.6706730769230769 0.042067307692307696 0.02283653846153846
4 0.3293269230769231 0.9771634615384616 0.04326923076923077 0.021634615384615384