4 0.5192307692307693 0.11658653846153846 0.0625 0.026442307692307692
4 0.07211538461538461 0.17307692307692307 0.038461538461538464 0.020432692307692308
4 0.25841346153846156 0.17427884615384615 0.038461538461538464 0.020432692307692308
4 0.39663461538461536 0.17427884615384615 0.046875 0.020432692307692308
5 0.29447115384615385 0.35216346153846156 0.021634615384615384 0.23076923076923078
4 0.9350961538461539 0.6045673076923077 0.020432692307692308 0.039663461538461536
5 0.5384615384615384 0.6262019230769231 0.08052884615384616 0.026442307692307692
5 0.7091346153846154 0.6286057692307693 0.02283653846153846 0.02283653846153846
5 0.2956730769230769 0.6370192307692307 0.025240384615384616 0.16346153846153846
4 0.9711538461538461 0.6478365384615384 0.018028846153846152 0.039663461538461536
4 0.7439903846153846 0.7139423076923077 0.039663461538461536 0.020432692307692308
4 0.6658653846153846 0.8365384615384616 0.02403846153846154 0.054086538461538464
4 0.6730769230769231 0.9543269230769231 0.09975961538461539 0.020432692307692308