4 0.026442307692307692 0.1045673076923077 0.04326923076923077 0.02283653846153846
4 0.12379807692307693 0.15504807692307693 0.026442307692307692 0.04447115384615385
4 0.125 0.025240384615384616 0.025240384615384616 0.05048076923076923
4 0.12379807692307693 0.2848557692307692 0.021634615384615384 0.04927884615384615
4 0.14302884615384615 0.29447115384615385 0.020432692307692308 0.040865384615384616
4 0.14423076923076922 0.42788461538461536 0.02283653846153846 0.040865384615384616
4 0.12379807692307693 0.44350961538461536 0.02403846153846154 0.05048076923076923
4 0.028846153846153848 0.5264423076923077 0.038461538461538464 0.02403846153846154
4 0.12620192307692307 0.5769230769230769 0.026442307692307692 0.055288461538461536
4 0.046875 0.6814903846153846 0.04927884615384615 0.021634615384615384
4 0.12379807692307693 0.7043269230769231 0.026442307692307692 0.052884615384615384
1 0.07091346153846154 0.7680288461538461 0.06129807692307692 0.06490384615384616
1 0.7896634615384616 0.7980769230769231 0.06129807692307692 0.09014423076923077
4 0.9591346153846154 0.8064903846153846 0.02283653846153846 0.04326923076923077
4 0.125 0.8653846153846154 0.027644230769230768 0.046875
4 0.026442307692307692 0.9435096153846154 0.04807692307692308 0.021634615384615384