5 0.45072115384615385 0.44350961538461536 0.22716346153846154 0.026442307692307692
5 0.18990384615384615 0.4495192307692308 0.10336538461538461 0.021634615384615384
5 0.5625 0.48677884615384615 0.026442307692307692 0.0625
5 0.5612980769230769 0.6370192307692307 0.026442307692307692 0.055288461538461536
4 0.7079326923076923 0.8569711538461539 0.037259615384615384 0.019230769230769232
4 0.8365384615384616 0.8569711538461539 0.03245192307692308 0.019230769230769232
4 0.8569711538461539 0.8894230769230769 0.037259615384615384 0.021634615384615384
4 0.10817307692307693 0.890625 0.039663461538461536 0.021634615384615384
4 0.5576923076923077 0.8918269230769231 0.038461538461538464 0.019230769230769232
4 0.4098557692307692 0.8918269230769231 0.03485576923076923 0.020432692307692308
4 0.25841346153846156 0.8930288461538461 0.039663461538461536 0.020432692307692308