2 0.13581730769230768 0.11057692307692307 0.12980769230769232 0.028846153846153848
2 0.14783653846153846 0.3557692307692308 0.038461538461538464 0.019230769230769232
4 0.5817307692307693 0.453125 0.04927884615384615 0.03245192307692308
4 0.1935096153846154 0.04807692307692308 0.03485576923076923 0.025240384615384616
4 0.02283653846153846 0.04927884615384615 0.039663461538461536 0.020432692307692308
4 0.3786057692307692 0.49399038461538464 0.030048076923076924 0.1310096153846154
4 0.6105769230769231 0.5084134615384616 0.046875 0.038461538461538464
2 0.27163461538461536 0.5096153846153846 0.0733173076923077 0.020432692307692308
4 0.7283653846153846 0.5252403846153846 0.046875 0.04326923076923077
2 0.8509615384615384 0.5685096153846154 0.026442307692307692 0.08653846153846154
2 0.6826923076923077 0.5889423076923077 0.03125 0.08774038461538461
4 0.7259615384615384 0.6129807692307693 0.015625 0.037259615384615384
4 0.7259615384615384 0.7139423076923077 0.016826923076923076 0.046875
4 0.8100961538461539 0.90625 0.027644230769230768 0.04447115384615385
4 0.625 0.96875 0.03485576923076923 0.021634615384615384