4 0.1814903846153846 0.1658653846153846 0.039663461538461536 0.03245192307692308
4 0.13221153846153846 0.16826923076923078 0.04326923076923077 0.021634615384615384
4 0.12620192307692307 0.0625 0.08052884615384616 0.02283653846153846
4 0.12860576923076922 0.6610576923076923 0.04807692307692308 0.020432692307692308
4 0.18870192307692307 0.6610576923076923 0.05889423076923077 0.020432692307692308
4 0.036057692307692304 0.6622596153846154 0.055288461538461536 0.038461538461538464
4 0.3112980769230769 0.6634615384615384 0.06610576923076923 0.026442307692307692
4 0.4675480769230769 0.6766826923076923 0.037259615384615384 0.039663461538461536
4 0.7199519230769231 0.7487980769230769 0.11658653846153846 0.016826923076923076
4 0.7307692307692307 0.7740384615384616 0.09735576923076923 0.028846153846153848
4 0.5576923076923077 0.7908653846153846 0.05048076923076923 0.028846153846153848
4 0.9459134615384616 0.7920673076923077 0.05048076923076923 0.025240384615384616