4 0.359375 0.21995192307692307 0.027644230769230768 0.0829326923076923
4 0.34375 0.2860576923076923 0.025240384615384616 0.040865384615384616
4 0.546875 0.2860576923076923 0.12259615384615384 0.03245192307692308
4 0.34375 0.3581730769230769 0.02403846153846154 0.036057692307692304
4 0.796875 0.3605769230769231 0.039663461538461536 0.026442307692307692
4 0.39302884615384615 0.46153846153846156 0.037259615384615384 0.027644230769230768
4 0.5901442307692307 0.49399038461538464 0.042067307692307696 0.13341346153846154
4 0.3425480769230769 0.5192307692307693 0.021634615384615384 0.038461538461538464
2 0.0985576923076923 0.5685096153846154 0.09254807692307693 0.09254807692307693
2 0.33413461538461536 0.5853365384615384 0.0985576923076923 0.09134615384615384
4 0.30408653846153844 0.9699519230769231 0.042067307692307696 0.026442307692307692
4 0.6262019230769231 0.9699519230769231 0.040865384615384616 0.025240384615384616