4 0.6778846153846154 0.3894230769230769 0.0889423076923077 0.036057692307692304
4 0.08173076923076923 0.41346153846153844 0.026442307692307692 0.055288461538461536
4 0.5793269230769231 0.5072115384615384 0.13221153846153846 0.03245192307692308
4 0.42908653846153844 0.5096153846153846 0.09615384615384616 0.020432692307692308
4 0.7067307692307693 0.5264423076923077 0.036057692307692304 0.09254807692307693
4 0.5997596153846154 0.6935096153846154 0.0625 0.03365384615384615
4 0.4362980769230769 0.6947115384615384 0.07451923076923077 0.036057692307692304
4 0.4567307692307692 0.7115384615384616 0.026442307692307692 0.109375
4 0.42788461538461536 0.7788461538461539 0.09134615384615384 0.038461538461538464
4 0.5985576923076923 0.7824519230769231 0.10096153846153846 0.026442307692307692
4 0.7091346153846154 0.8052884615384616 0.036057692307692304 0.10216346153846154
4 0.5444711538461539 0.8990384615384616 0.07932692307692307 0.038461538461538464
4 0.6959134615384616 0.9230769230769231 0.10096153846153846 0.10096153846153846