4 0.9651442307692307 0.15264423076923078 0.037259615384615384 0.020432692307692308
4 0.5144230769230769 0.15384615384615385 0.040865384615384616 0.019230769230769232
4 0.06370192307692307 0.15384615384615385 0.03365384615384615 0.020432692307692308
4 0.6442307692307693 0.15504807692307693 0.03125 0.016826923076923076
4 0.21394230769230768 0.18870192307692307 0.036057692307692304 0.020432692307692308
4 0.6646634615384616 0.18870192307692307 0.03485576923076923 0.016826923076923076
4 0.49399038461538464 0.18870192307692307 0.03245192307692308 0.018028846153846152
4 0.9447115384615384 0.18870192307692307 0.03245192307692308 0.020432692307692308
4 0.36658653846153844 0.18990384615384615 0.039663461538461536 0.020432692307692308
4 0.8173076923076923 0.18990384615384615 0.037259615384615384 0.020432692307692308
4 0.04567307692307692 0.18990384615384615 0.038461538461538464 0.020432692307692308