4 0.6911057692307693 0.2764423076923077 0.07451923076923077 0.02403846153846154
4 0.8990384615384616 0.27884615384615385 0.07451923076923077 0.021634615384615384
4 0.359375 0.30649038461538464 0.020432692307692308 0.042067307692307696
4 0.33052884615384615 0.3389423076923077 0.030048076923076924 0.020432692307692308
4 0.9206730769230769 0.037259615384615384 0.018028846153846152 0.039663461538461536
2 0.29086538461538464 0.40024038461538464 0.028846153846153848 0.1045673076923077
4 0.3485576923076923 0.44711538461538464 0.03245192307692308 0.019230769230769232
4 0.39663461538461536 0.45913461538461536 0.030048076923076924 0.020432692307692308
4 0.13942307692307693 0.4951923076923077 0.030048076923076924 0.1310096153846154
2 0.6105769230769231 0.5685096153846154 0.030048076923076924 0.078125
2 0.9927884615384616 0.5721153846153846 0.009615384615384616 0.09615384615384616
2 0.43990384615384615 0.5889423076923077 0.027644230769230768 0.09014423076923077
4 0.5721153846153846 0.90625 0.027644230769230768 0.04326923076923077
4 0.38461538461538464 0.9723557692307693 0.038461538461538464 0.018028846153846152