4 0.2980769230769231 0.21153846153846154 0.038461538461538464 0.02403846153846154
4 0.5084134615384616 0.21153846153846154 0.038461538461538464 0.018028846153846152
4 0.6129807692307693 0.390625 0.019230769230769232 0.038461538461538464
4 0.7271634615384616 0.46153846153846156 0.04447115384615385 0.016826923076923076
4 0.5961538461538461 0.46153846153846156 0.04567307692307692 0.015625
4 0.32211538461538464 0.46274038461538464 0.046875 0.019230769230769232
4 0.4651442307692308 0.46274038461538464 0.04447115384615385 0.016826923076923076
4 0.8858173076923077 0.46274038461538464 0.04447115384615385 0.020432692307692308
4 0.20432692307692307 0.46274038461538464 0.04447115384615385 0.020432692307692308
4 0.484375 0.48197115384615385 0.03485576923076923 0.014423076923076924
4 0.35096153846153844 0.484375 0.037259615384615384 0.018028846153846152
4 0.2091346153846154 0.4963942307692308 0.014423076923076924 0.04447115384615385
4 0.057692307692307696 0.5949519230769231 0.04567307692307692 0.019230769230769232